TWD67Lon	TWD67Lat
120.8369	23.9637
121.7323	25.1351
121.4407	25.1667
121.4338	24.9994
121.5215	25.1844
121.006	    24.8296
120.6759	24.1475
120.5152	24.2578
119.555	    23.5672
120.8999	23.8831
120.8051	23.51
120.4248	23.4977
120.1967	22.995
120.3077	22.5677
120.7383	22.0057
121.7483	24.7658
121.8492	24.5986
121.6051	23.9769
121.3653	23.0993
121.1465	22.754
120.8957	22.3574
121.5503	22.0388
122.0715	25.6298
119.6594	23.2587
114.3567	10.3718
116.722	    20.7024
120.2286	23.0401
118.4251	24.4183
121.3957	24.6921
121.3518	24.3818
121.5165	24.9608
121.5067	25.0394
120.5485	24.0831
119.596	    23.7417
118.2811	24.4089
119.9151	26.171
120.2096	23.8005
121.0393	25.0085
120.5443	23.6353
118.2556	24.4274
121.5313	25.0162
121.4612	25.1353
121.7926	25.1149
121.4385	25.0533
121.4822	24.9945
121.6546	24.9958
121.7346	25.0044
121.5675	25.0041
121.3938	24.9767
121.5896	24.8501
121.3726	25.074
121.2178	25.0494
121.315	    24.9943
121.0789	24.9419
121.275	    24.9305
121.0301	24.8492
121.1657	24.8001
121.2757	24.7209
121.0091	24.6924
120.9406	24.6198
121.0718	24.5811
121.1522	24.6347
121.0261	24.5567
120.8627	24.4167
120.7756	24.6081
120.8772	24.5853
120.6964	24.4736
120.7264	24.5744
121.1426	24.8518
120.8808	24.7108
120.9921	24.6032
121.2004	24.6801
120.9219	24.4531
120.7578	24.4128
121.0186	24.2825
120.9322	24.3703
120.8189	24.3494
120.9778	24.3994
120.6324	24.3499
120.8249	24.2482
120.7695	24.2778
120.8328	24.2233
120.9931	24.2675
121.0105	24.2034
120.9861	24.1278
121.2377	24.245
121.2641	24.1448
120.4103	23.15
120.5142	23.3133
120.5683	23.2536
120.5858	23.175
120.4766	23.1841
120.6458	23.4078
120.5736	23.3264
120.6336	23.2436
120.2894	23.1144
120.4892	23.2215
120.4525	23.1278
120.6964	22.765
120.3597	22.815
120.4865	22.781
120.7069	23.0039
120.6381	22.89
120.6372	22.7719
120.3013	22.9373
120.7086	23.1366
120.8053	23.1558
120.8154	23.2703
120.9036	23.2758
120.946	    23.4651
120.8707	23.4805
120.6972	23.2817
120.3939	22.895
120.5111	22.9006
120.6758	22.8349
120.6319	22.7117
120.5825	23.0817
120.532	    22.5361
120.9547	24.0828
120.8717	24.1039
120.7942	23.9692
120.7585	23.8863
121.175	    24.1256
120.7141	24.1749
120.6131	24.0172
120.6297	23.9268
120.6722	23.9754
120.8356	23.5345
120.7517	23.6803
120.6456	23.6442
120.7992	23.6631
120.5594	23.8178
120.6162	24.2171
120.4711	23.9518
120.564	    24.1547
120.6778	23.7647
120.6853	23.5973
120.7792	23.7297
120.4222	24.0769
120.5775	23.9483
121.0442	23.9147
121.197	    24.1112
121.124	    23.9816
120.8808	23.5925
121.1328	23.7556
121.2654	24.1231
121.1733	24.035
120.4553	23.2931
120.1174	23.2695
120.2482	23.2287
120.2399	23.3716
120.3775	23.2983
120.5994	23.5386
120.9411	23.8008
121.0797	23.7561
120.6911	23.4958
120.4339	23.7209
120.2172	23.6311
120.1612	23.538
120.1367	23.175
121.5573	25.2656
121.9153	25.1308
121.6248	25.1677
121.6003	25.1339
121.9342	25.0192
121.8561	25.0379
121.587	    25.2349
121.6356	25.2253
121.7431	24.6275
121.7087	24.6358
121.6331	24.7547
121.9939	25.0094
121.7574	24.8193
121.5789	24.6772
121.5175	24.5072
121.3803	24.1939
121.4458	24.2064
121.4033	24.025
121.4905	23.7713
121.4332	23.8137
121.365	    23.7161
121.4052	23.617
121.5631	24.1736
121.4875	24.1814
121.5008	23.9374
121.4168	23.6625
120.8794	22.4547
121.2208	22.8797
121.2983	22.9736
121.4039	23.2886
121.0622	23.1522
121.3486	23.3961
121.2542	23.2106
121.3306	23.495
121.3192	23.445
121.0192	23.2011
120.9773	22.6108
120.9976	22.6867
121.1149	22.9195
121.4867	23.4569
121.4673	22.669
121.2017	23.1214
120.9781	23.25
121.2051	23.3475
121.3316	23.3233
120.9353	22.48
121.3658	23.4697
120.6212	22.4298
120.8288	22.0779
120.8796	22.1964
120.8509	22.2406
120.7081	22.0758
120.6531	22.2486
120.7846	22.1318
120.7278	21.9236
120.3542	22.334
120.7942	21.9478
120.5816	22.3712
120.6847	22.1917
121.4614	25.1114
121.5347	25.0797
121.5059	25.1176
121.5289	25.1193
121.4948	25.092
121.5672	25.0812
121.5564	25.0396
120.8325	22.1696
120.7417	22.1167
121.7015	24.94
121.7375	24.8944
121.8153	24.9731
121.6506	25.0687
121.3615	24.9408
121.585	    24.9358
121.3078	24.1879
121.5317	23.8117
121.5292	23.9936
120.9947	24.5403
120.7433	24.1056
120.8122	24.0733
120.7272	24.0681
120.9217	24.1844
120.8789	24.16
120.8239	24.1619
120.8411	24.2742
120.9156	24.4236
120.8294	24.4028
120.9194	24.4936
120.8933	24.3692
120.9594	24.4906
120.8397	24.1828
120.9375	24.2808
120.7042	23.7303
120.8039	23.9358
120.8392	23.9069
120.9097	23.9606
120.9831	23.9639
120.9989	23.9264
120.6347	23.8225
120.8789	23.67
120.8756	23.7564
121.1704	23.9547
121.0681	23.9886
120.8597	23.5658
120.5953	23.4081
120.655	    23.4981
120.667	    23.5469
121.9449	24.8434
121.0156	22.6597
120.8819	22.2919
120.9589	22.54
120.9252	22.5928
121.412	    23.7371
121.5738	23.8824
121.5192	23.6847
121.5067	23.5857
121.5342	23.7989
121.7329	24.2686
121.825   	24.5238
121.802	    24.4512
121.5142	25.1773
120.6503	24.2742
121.5307	25.1704
121.4957	25.1568
121.4687	25.1362
121.4907	25.1357
121.5085	25.0943
121.5035	25.0635
121.5585	25.0615
121.5137	25.0335
121.5499	25.031
121.5374	25.1332
121.5682	25.131
121.5474	25.1051
121.5835	25.0865
121.6068	25.071
121.5774	25.039
121.6112	25.0418
121.5482	25.0407
121.5671	25.004
121.5693	24.9862
121.5371	24.9882
121.4821	25.0321
121.4665	25.1071
121.5743	25.054
121.5207	25.074
121.5207	25.1012
121.4949	25.1257
121.5612	25.1154
121.2432	24.8262
121.4132	24.8891
121.4892	24.7816
121.5548	24.878
121.7021	24.9382
121.5082	25.0237
121.6884	25.0808
121.5358	25.1641
121.7374	24.8927
121.6497	24.9934
121.3474	24.9407
121.7951	25.1122
121.7411	24.9829
121.4438	24.8774
121.6256	25.0651
121.8124	25.0614
121.5359	25.2903
121.35	    24.8
121.35	    24.7167
121.3	    24.6667
121.3833	24.6833
121.4667	24.6333
121.4	    24.6333
121.2167	24.55
121.3	    24.5667
121.35	    24.5833
121.82	    24.9736
121.7375	24.8944
121.7056	24.9386
121.6417	24.9042
121.6414	24.9458
121.5719	24.9089
121.5653	24.6394
121.12	    23.0714
120.8367	21.9942
121.4946	24.7783
120.969	    24.8724
121.1451	25.0289
121.3441	24.822
121.1087	24.7129
121.2132	24.8718
121.1079	24.5287
121.0499	24.7693
121.2575	25.0861
121.6165	25.0358
121.6551	25.0302
121.6034	25.0343
121.6049	25.0894
121.5807	25.1387
121.5575	25.1155
121.5578	25.1458
121.5598	25.1651
121.4816	25.1577
121.5431	25.0917
121.5201	25.1701
121.5406	25.1821
121.5662	25.0189
121.5721	24.9833
121.5871	24.9707
120.8973	24.7487
121.2064	24.8994
121.2569	24.8847
121.3783	25.0302
121.0168	24.7367
120.9042	24.69
121.3486	24.7024
121.4934	25.2596
121.3953	25.1523
121.4641	25.0885
121.4369	24.9749
121.3373	24.953
120.2906	22.6291
120.2779	22.5904
121.7902	24.6887
121.8317	24.4847
121.7703	24.3851
121.8406	24.5393
121.5747	25.0311
121.5461	25.0187
121.5617	25.0967
121.5959	25.0982
121.4757	25.1498
121.5202	25.0849
121.535	    24.9911
120.912	    24.541
121.1107	24.7683
121.0829	24.6462
120.8162	24.3148
120.8226	24.5286
120.6449	24.4415
120.8566	24.6388
120.8164	24.5667
120.7826	24.4915
120.7403	24.5644
120.4295	24.043
120.4957	24.0359
120.5441	24.0178
120.4236	24.0022
120.5176	23.9487
120.5014	23.9034
120.4447	23.8678
120.5065	23.8792
120.5804	23.8587
120.5781	23.8994
120.609	23.8128
120.3119	23.924
120.4762	24.1505
121.182	24.2567
120.6922	24.0944
120.6159	24.1088
120.6329	24.182
120.6301	24.1389
120.58	24.3474
120.7215	24.3121
120.7123	24.2563
120.6958	24.2148
120.5541	24.314
120.6975	24.3496
120.5208	24.1863
120.8075	24.2016
121.0424	22.8111
121.3743	23.1521
121.3704	23.5898
121.2543	23.124
120.7451	22.4059
120.5289	23.0739
120.5848	23.0304
120.6681	22.5277
121.0805	24.0191
120.638	23.0588
120.7489	23.0738
120.7804	23.0868
120.5373	22.856
120.4004	23.0585
120.4755	22.8904
120.2514	22.8566
120.2977	22.7596
120.3386	22.7319
120.3877	22.6074
120.5191	22.6526
120.4947	22.4877
120.2405	23.1851
120.3075	23.195
120.1951	23.1274
120.22	23.1044
120.3552	23.0774
120.2498	22.9701
120.3197	22.9649
120.1804	22.963
120.1863	23.0122
120.1441	22.995
120.1746	22.9084
120.2364	22.8889
120.2288	22.8249
120.2869	22.7988
120.2383	22.7856
120.2593	22.7624
120.3397	22.7029
120.2779	22.7215
120.2675	22.6251
120.3033	22.6469
120.3226	22.6245
120.3866	22.5096
120.4825	22.7423
120.5927	22.8282
120.5346	22.6948
120.4824	22.5896
120.4535	22.5452
120.499	22.5166
120.5748	22.4698
120.5021	22.4327
120.5442	22.4212
120.6063	22.5941
120.3481	22.6486
120.3398	23.0231
120.2854	22.9935
120.3612	22.9613
120.3195	22.8849
120.1367	23.0783
120.2904	23.0636
120.4869	23.0816
120.5318	22.9728
120.7978	23.2242
120.3928	23.2238
120.3528	23.1206
120.7356	22.7444
120.6789	22.6847
120.4386	22.7403
120.3474	22.8059
120.4583	22.9769
120.6203	22.3722
120.6171	22.5291
120.4836	22.6619
120.5227	22.7413
120.3845	22.5469
120.7299	22.8898
120.7241	22.6195
120.6569	22.59
120.68	22.9077
120.6255	22.9998
121.1348	24.9141
121.0354	24.9066
121.4999	25.013
121.5417	23.8971
120.9787	24.8004
121.2403	24.8111
121.7656	25.0502
121.6496	25.1108
121.3794	25.0119
121.8065	25.1099
121.3686	25.079
120.9019	24.2941
120.8636	23.7817
120.7668	23.828
121.0241	24.0925
120.2938	23.5797
120.4736	22.8813
120.4583	22.6566
121.0953	24.5749
121.2004	24.6794
121.1722	24.782
121.0632	24.8312
120.9606	24.4717
120.9402	24.3622
120.9778	24.3996
120.89	24.7112
120.9922	24.5988
120.805	24.3068
120.9521	24.6888
120.8617	24.4254
120.7619	24.416
120.7271	24.5898
120.7196	24.4272
120.9049	24.5298
120.9381	24.6193
120.8126	24.637
121.0173	24.2813
120.803	24.1169
120.4759	24.087
120.4088	23.9571
120.6495	23.6464
121.1954	24.1844
121.1911	24.1088
120.9197	23.621
120.9202	23.5636
120.9095	23.7123
120.6299	23.9279
120.6708	23.9743
120.8847	23.9873
120.9452	24.0681
120.8437	23.6924
120.4567	23.8022
120.6044	23.757
120.6073	23.6321
120.6875	23.5859
120.3029	23.7028
120.6336	23.4263
120.6121	23.4769
120.5945	23.5348
120.5124	23.5321
120.5128	23.5722
120.3919	23.5893
120.4713	23.0463
120.3517	22.9667
120.4989	23.3326
120.4512	23.3108
120.4378	23.2671
120.4883	23.2921
120.3291	23.0274
120.3923	23.2239
120.5871	23.1751
120.4589	22.9774
120.3965	22.8945
120.3901	22.8136
120.3191	22.8781
120.5796	23.0856
120.5321	22.8947
120.6873	22.6085
120.6703	22.5288
120.6303	22.4363
120.6364	22.768
120.8287	22.1774
120.7664	22.1282
120.6787	22.6771
120.6412	22.7101
120.8276	22.2469
120.675	22.4211
120.6556	22.3701
120.5615	22.5474
120.6091	22.8572
121.1073	22.9715
120.991	22.6927
121.4315	23.3277
121.4514	23.4056
120.8501	22.3814
121.0333	23.171
121.1148	23.1344
120.9778	23.2497
121.0163	22.768
121.1506	22.7553
121.1652	23.008
121.2929	23.0393
121.2595	23.2978
121.3045	23.4319
121.5963	24.0389
121.4239	23.821
121.3638	23.6745
121.3953	23.8166
121.2436	23.2041
121.5124	23.6042
121.3149	23.2193
121.474	23.6866
121.4883	24.5747
121.5174	24.6149
121.4431	24.5336
121.3712	24.4389
121.7438	24.6268
121.7758	24.6375
121.7406	24.6827
121.7314	24.3312
121.7412	24.4277
121.7403	24.8318
121.7691	24.4513
121.5283	24.4963
121.418	24.4902
121.6291	24.6167
120.6255	22.9996
120.8168	23.2673
119.4925	23.3626
120.9592	24.7352
120.8987	24.7439
120.9445	24.7916
120.5689	23.1435
120.4803	22.5619
121.1309	22.8405
120.9463	22.5342
120.9445	22.6446
120.7202	22.7508
121.4378	23.4987
121.2639	23.2802
121.312	23.4075
120.7008	23.0384
120.6886	23.2421
120.7107	23.1321
120.708	22.912
120.5009	22.9924
120.501	22.9283
121.8243	25.0312
121.8793	24.9877
120.7386	23.5764
120.7318	23.5314
120.8998	23.4746
120.503	22.515
121.7336	24.2726
121.5239	24.9615
121.1094	24.6333
121.7692	24.4722
121.5211	24.6021
120.6936	23.4708
120.675	23.3396
120.4935	23.2696
120.6748	23.1072
120.6229	22.6549
120.7433	22.2051
120.9147	22.4595
121.0843	22.8517
121.1229	23.0028
121.4047	23.2267
120.9963	24.0206
120.9332	23.8975
120.8469	24.0396
121.2161	24.1937
121.1241	24.0239
120.8417	23.8143
120.7933	23.83
120.6933	23.8388
120.3679	23.9051
120.4063	23.3492
120.546	23.4664
120.3086	23.3124
120.1277	23.2167
120.2955	23.6927
120.3954	23.6059
120.4008	23.7746
120.5474	23.5279
120.5148	23.4271
120.2395	23.2743
120.1741	23.2321
120.3542	23.3681
120.4593	23.8022
120.3874	23.6808
120.4503	23.6024
120.1457	23.4607
120.3808	23.4215
120.4524	23.4594
120.3655	23.259
120.4999	23.3329
120.4909	23.8533
120.4702	23.6805
120.533	23.7223
120.2309	23.4364
120.2837	23.5758
120.3233	23.4568
120.6015	23.7504
120.3128	23.8542
120.5516	23.6561
120.2447	23.6767
120.4203	23.5535
120.4234	23.6478
120.4942	23.7629
120.3743	23.8484
120.1894	23.7033
120.2378	23.5747
120.3069	23.6515
120.1597	23.3826
120.3002	23.4131
120.2825	23.4946
120.3376	23.555
120.5475	23.5871
120.3108	23.7575
120.9443	23.9739
120.8428	23.6914
120.2769	22.6767
120.6873	23.9115
120.9362	23.596
120.8248	23.7633
120.9867	23.8603
120.1724	23.5871
120.2216	23.5161
120.6567	23.3008
120.7085	23.3909
120.7414	23.4558
120.6601	23.3856
120.4692	23.3878
120.5953	23.6882
120.7783	23.6413
121.1654	24.0871
121.0833	23.93
121.1669	23.0413
121.7726	25.073
120.0782	23.149
121.1399	24.6271
121.2755	24.721
121.5978	23.9747
121.5731	24.7624
120.8472	21.9027
121.2956	24.4345
121.2633	24.3906
121.2282	24.3904
119.9724	25.9669
119.4603	23.5643
119.3147	23.4018
121.5689	25.1309
120.8977	24.3
120.8462	23.9517
120.8486	23.53
120.8685	23.7272
120.862	23.7416
120.8688	23.6698
121.8307	25.0931
121.418	23.7427
121.0298	22.7268
120.7367	23.5921
120.6309	23.7556
120.7211	24.3578
121.6812	25.1776
121.3823	25.1285
121.7962	25.0177
121.4628	24.9417
121.5179	24.8401
121.3518	24.8607
121.4384	24.9275
121.4293	24.8554
121.2804	24.8268
121.3434	24.7698
121.2232	24.7738
121.2183	24.7305
121.2386	24.6822
121.175	24.7072
121.1429	24.6479
120.8557	24.4634
120.7821	24.4493
120.8718	24.2382
120.7485	24.1584
120.7163	24.037
120.9121	24.3354
120.8614	23.8563
120.7544	23.9945
120.9272	23.8505
120.8295	23.8074
120.8886	23.7807
120.8143	24.0133
120.9032	24.0584
120.8556	23.7866
120.7027	23.7954
120.8624	23.6301
120.7008	23.5373
120.5225	23.3832
120.6886	23.2422
120.6367	22.3068
121.9179	24.9721
121.8788	24.9374
121.836	24.5777
121.4652	23.8215
121.4894	23.7296
121.5228	23.637
121.5033	23.4849
121.368	23.5274
121.2952	23.3476
121.295	23.2651
120.9529	22.6004
121.3165	24.7771
118.4006	24.4899
118.3208	24.4593
119.4413	24.9961
121.5422	25.0505
121.3733	24.4392
121.6668	24.7928
121.8637	24.9083
121.5968	24.1174
121.4999	23.8727
121.4847	23.9675
121.4515	23.8924
121.6448	24.6699
121.6795	24.7199
121.8226	24.855
121.587	23.9327
121.4453	23.7479
121.2952	23.346
121.7855	24.6355
121.339	24.3949
121.5964	24.0413
121.6215	24.1492
121.5432	24.8641
121.412	23.711
121.532	23.7402
120.4753	26.3605
120.8952	24.2503
121.1769	24.9695
121.5317	25.1379
121.6201	25.0045
120.8179	24.609
120.5665	23.877
120.4098	23.7392
121.6788	24.611
120.5888	23.597
121.5281	25.0313
121.3897	23.6337
121.7411	24.6836
121.7842	24.8993
121.8057	24.8024
121.7658	24.8666
121.7143	24.7461
121.4872	24.5784
121.404	24.5921
121.365	24.3704
121.3821	23.5257
121.6481	24.3457
121.7619	24.309
121.2595	23.4229
121.2988	23.4946
121.4026	23.4761
121.3748	23.3707
121.2974	23.2703
121.4121	24.3835
121.4365	24.3655
121.2876	24.1336
121.2482	24.9794
121.5312	25.0161
121.0696	22.8313
121.0632	22.8157
121.1221	22.9095
120.7901	23.6721
120.5262	24.0048
120.4692	23.6363
120.3341	23.0622
120.5086	22.8596
120.5178	22.7111
120.7628	24.5296
121.0224	24.9527
121.149	24.614
121.1771	24.9103
121.2316	24.9877
121.623	24.9576
121.7084	24.6881
120.8209	24.4975
120.8637	24.4246
120.7928	24.2277
120.7324	23.7643
120.9054	23.8774
120.6734	23.7587
120.4657	23.4868
120.2712	23.3624
120.3283	23.0607
120.348	22.6484
120.7941	21.9473
121.5558	23.977
121.5731	24.7625
121.681	24.2201
121.7751	24.4157
121.8807	24.9644
121.5108	24.5296
121.7444	24.5624
121.7944	24.5572
121.1802	23.273
121.3404	23.2925
121.7089	25.0966
121.4191	25.0762
121.3328	25.0656
120.9022	22.3848
121.6154	24.1595
120.5829	22.6688
120.4327	22.4642
120.5354	22.5866
120.7148	23.8231
120.707	24.2586
120.6745	24.3246
120.7249	24.3013
121.5365	24.9236
121.7757	25.1932
121.5041	22.0509
121.4871	22.0849
120.9702	24.1807
121.2704	24.6432
121.5108	25.2849
120.6252	23.1502
120.6544	23.0343
121.3168	24.8947
120.7456	23.4939
120.8771	23.9201
120.9552	23.905
120.8807	23.5926
120.843	23.6915
120.4	23.5874
120.1553	23.6787
120.68	24.033
120.2749	23.4186
120.0548	23.0835
121.1315	23.9806
120.458	22.4818
120.1723	23.5917
120.7064	22.0815
120.9982	24.8525
120.4288	24.091
120.1837	23.7184
120.0716	23.1226
121.3753	23.1014
121.0747	22.7042
120.7041	23.9025
120.8369	23.9637
121.7323	25.1351
121.4407	25.1667
121.4338	24.9994
121.5215	25.1844
121.006	24.8296
120.6759	24.1475
120.5152	24.2578
119.555	23.5672
120.8999	23.8831
120.8051	23.51
120.4248	23.4977
120.1967	22.995
120.3077	22.5677
120.7383	22.0057
121.7483	24.7658
121.8492	24.5986
121.6051	23.9769
121.3653	23.0993
121.1465	22.754
120.8957	22.3574
121.5503	22.0388
122.0715	25.6298
119.6594	23.2587
114.3567	10.3718
116.722	20.7024
120.2286	23.0401
118.4251	24.4183
121.3957	24.6921
121.3518	24.3818
121.5165	24.9608
121.5067	25.0394
120.5485	24.0831
119.596	23.7417
118.2811	24.4089
119.9151	26.171
120.2096	23.8005
121.0393	25.0085
120.5443	23.6353
118.2556	24.4274
121.5313	25.0162
121.4612	25.1353

